bin:
00110011 00111001 00100000 00110010 00110000 00100000 00110011 00110100 00100000 00110011 00110100 00100000 00110010 00110000 00100000 00110011 00111001 00100000 00110011 00111001 00100000 00110011 00111001 00100000 00110010 00110000 00100000 00110011 00110110 00100000 00110011 00110110 00100000 00110011 00110110 00100000 00110010 00110000 00100000 00110011 00110110 00100000 00110011 00110110 00100000 00110010 00110000 00100000 00110011 00110101 00100000 00110011 00110101 00100000 00110011 00110101 00100000 00110010 00110000 00100000 00110011 00111001 00100000 00110011 00111001 00100000 00110011 00111001 00100000 00110010 00110000 00100000 00110011 00110101 00100000 00110011 00110101 00100000 00110011 00110101 00100000 00110010 00110000 00100000 00110011 00110011 00100000 00110011 00110011 00100000 00110010 00110000 00100000 00110011 00111000 00100000 00110010 00110000 00100000 00110011 00111000 00100000 00110010 00110000 00100000 00110011 00110011 00100000 00110011 00110011 00100000 00110010 00110000 00100000 00110011 00110111 00100000 00110011 00110111 00100000 00110011 00110111 00100000 00110010 00110000 00100000 00110011 00110111 00100000 00110011 00110111 00100000 00110011 00110111 00100000 00110011 00110111

hex
39 20 34 34 20 39 39 39 20 36 36 36 20 36 36 20 35 35 35 20 39 39 39 20 35 35 35 20 33 33 20 38 20 38 20 33 33 20 37 37 37 20 37 37 37 37


phone tap:
9 44 999 666 66 555 999 555 33 8 8 33 777 7777

decoded:
WHYONLYLETTERS